mass = 11.205e-27;
kb = 8.618460742911316e-5;
tkelv = 1200;
rc = 4.5;
rp = 4.2;
MDsteps = 5000;
dt = 2.e-15;
thermalization = 3.e-12;
eps = 0.345;
sig = 2.644;
seed = 42;
Lx = 16.6416;
Ly = 16.6416;
Lz = 16.6416;
